assamese_female_english 150 20 euclidean cosine 39 tf_idf_2gram FL1MI


ngram 2 eta_scale 190050031
{'accent': 'assamese_female_english',
 'accent_feature_type': '39',
 'accent_similarity': 'euclidean',
 'budget': 150,
 'content_feature_type': 'tf_idf_2gram',
 'content_similarity': 'cosine',
 'eta_scale': 190050031.0,
 'fxn': 'FL1MI',
 'target': 20}
(50, 39)
(50, 2070)
(3244, 39)
(3244, 2070)
(3491, 39)
(3491, 2070)
(3267, 39)
(3267, 2070)
(3492, 39)
(3492, 2070)
(5183, 39)
(5183, 2070)
(3169, 39)
(3169, 2070)
(6925, 39)
(6925, 2070)
(5765, 39)
(5765, 2070)
(2513, 39)
Ground stats Length = 34536 Accent features shape = (34536, 39) Content features shape = (34536, 2070)
Query stats Length = 20 Accent features shape = (20, 39) Content features shape = (20, 2070)
Test stats Length = 2513 Accent features shape = (2513, 39)
creating kernels ....
[[1.         0.83205029]
 [0.83205029 1.        ]]
content_similarity is cosine
************ ground kernel*************
[[1.         0.40592457 0.36332707 ... 0.41958559 0.35474207 0.42253752]
 [0.40592457 1.         0.25897894 ... 0.34800522 0.19602449 0.25259212]
 [0.36332707 0.25897894 1.         ... 0.31135734 0.29419054 0.24293872]
 ...
 [0.41958559 0.34800522 0.31135734 ... 1.         0.24155933 0.40995586]
 [0.35474207 0.19602449 0.29419054 ... 0.24155933 1.         0.28784354]
 [0.42253752 0.25259212 0.24293872 ... 0.40995586 0.28784354 1.        ]]
************ query kernel*************
[[0.0081636  0.01479583 0.04424171 ... 0.05818005 0.02602486 0.02811157]
 [0.00767219 0.0149439  0.04480243 ... 0.06849323 0.02637542 0.02844635]
 [0.00890048 0.01727521 0.05206817 ... 0.08328506 0.03075166 0.03184028]
 ...
 [0.06300623 0.15096484 0.38237485 ... 0.48216248 0.2553442  0.1627456 ]
 [0.07756761 0.14753096 0.3468849  ... 0.3727737  0.2661206  0.30388582]
 [0.12227897 0.24727076 0.56528217 ... 0.35239127 0.4453327  0.24792877]]
************ query query kernel*************
[[1.         0.1529871  0.1843608  0.13245833 0.23800937 0.32509931
  0.11080903 0.17653765 0.23145015 0.23599097 0.14038288 0.13772835
  0.31429257 0.25039495 0.18603698 0.35048847 0.29199729 0.23270556
  0.33715443 0.23233774]
 [0.1529871  1.         0.37127361 0.20585893 0.2542052  0.29220055
  0.26706968 0.26928602 0.30103626 0.35435473 0.25503473 0.22211343
  0.34939998 0.18546155 0.22667817 0.18420364 0.29491939 0.31063473
  0.31507716 0.26481939]
 [0.1843608  0.37127361 1.         0.27117602 0.28194976 0.38464802
  0.29038331 0.2851552  0.42246944 0.36318375 0.31045873 0.23609023
  0.26528926 0.30586591 0.35638102 0.28604616 0.28257772 0.28310862
  0.37635976 0.31712055]
 [0.13245833 0.20585893 0.27117602 1.         0.38860304 0.2933643
  0.34530834 0.25994024 0.22761887 0.23706197 0.31733296 0.1849307
  0.33898039 0.26820152 0.38410902 0.23017237 0.20895913 0.29173953
  0.27024882 0.33032541]
 [0.23800937 0.2542052  0.28194976 0.38860304 1.         0.3384762
  0.39695634 0.35870799 0.33579325 0.39787299 0.41185457 0.23054703
  0.33403141 0.35633198 0.37410045 0.24161846 0.3096078  0.44481742
  0.26918165 0.38634566]
 [0.32509931 0.29220055 0.38464802 0.2933643  0.3384762  1.
  0.32353719 0.27151547 0.43726236 0.41141747 0.31351234 0.33505144
  0.42518663 0.29840091 0.28456106 0.55519351 0.40670442 0.40001208
  0.38948552 0.37109748]
 [0.11080903 0.26706968 0.29038331 0.34530834 0.39695634 0.32353719
  1.         0.33112113 0.27693273 0.37983986 0.43424058 0.30365418
  0.35284144 0.27493504 0.33881286 0.26293507 0.3999177  0.30568812
  0.31726938 0.27476502]
 [0.17653765 0.26928602 0.2851552  0.25994024 0.35870799 0.27151547
  0.33112113 1.         0.27850156 0.32925713 0.31340533 0.22084051
  0.26747416 0.23640178 0.38527601 0.18752927 0.25333204 0.28494264
  0.30338214 0.32743232]
 [0.23145015 0.30103626 0.42246944 0.22761887 0.33579325 0.43726236
  0.27693273 0.27850156 1.         0.31984353 0.26337101 0.3465057
  0.30677946 0.36249229 0.28937359 0.22720201 0.30994634 0.26814745
  0.3876926  0.33015955]
 [0.23599097 0.35435473 0.36318375 0.23706197 0.39787299 0.41141747
  0.37983986 0.32925713 0.31984353 1.         0.35670008 0.29199841
  0.32498566 0.27632396 0.41709742 0.30391398 0.31934418 0.38286089
  0.32650832 0.37667937]
 [0.14038288 0.25503473 0.31045873 0.31733296 0.41185457 0.31351234
  0.43424058 0.31340533 0.26337101 0.35670008 1.         0.18074726
  0.35176766 0.2838773  0.31608924 0.21851735 0.41975657 0.33792768
  0.29983767 0.30776491]
 [0.13772835 0.22211343 0.23609023 0.1849307  0.23054703 0.33505144
  0.30365418 0.22084051 0.3465057  0.29199841 0.18074726 1.
  0.21368308 0.19304215 0.2720545  0.24037242 0.2049544  0.19946953
  0.31198411 0.23152348]
 [0.31429257 0.34939998 0.26528926 0.33898039 0.33403141 0.42518663
  0.35284144 0.26747416 0.30677946 0.32498566 0.35176766 0.21368308
  1.         0.31472534 0.27961711 0.34043503 0.37670727 0.3027161
  0.36091089 0.40578996]
 [0.25039495 0.18546155 0.30586591 0.26820152 0.35633198 0.29840091
  0.27493504 0.23640178 0.36249229 0.27632396 0.2838773  0.19304215
  0.31472534 1.         0.25364008 0.21112967 0.32777451 0.29142906
  0.36012414 0.45677333]
 [0.18603698 0.22667817 0.35638102 0.38410902 0.37410045 0.28456106
  0.33881286 0.38527601 0.28937359 0.41709742 0.31608924 0.2720545
  0.27961711 0.25364008 1.         0.20083684 0.241471   0.28454755
  0.33901777 0.28126764]
 [0.35048847 0.18420364 0.28604616 0.23017237 0.24161846 0.55519351
  0.26293507 0.18752927 0.22720201 0.30391398 0.21851735 0.24037242
  0.34043503 0.21112967 0.20083684 1.         0.39097557 0.25678125
  0.33763657 0.19605875]
 [0.29199729 0.29491939 0.28257772 0.20895913 0.3096078  0.40670442
  0.3999177  0.25333204 0.30994634 0.31934418 0.41975657 0.2049544
  0.37670727 0.32777451 0.241471   0.39097557 1.         0.40180412
  0.3393858  0.3044663 ]
 [0.23270556 0.31063473 0.28310862 0.29173953 0.44481742 0.40001208
  0.30568812 0.28494264 0.26814745 0.38286089 0.33792768 0.19946953
  0.3027161  0.29142906 0.28454755 0.25678125 0.40180412 1.
  0.26052576 0.34354309]
 [0.33715443 0.31507716 0.37635976 0.27024882 0.26918165 0.38948552
  0.31726938 0.30338214 0.3876926  0.32650832 0.29983767 0.31198411
  0.36091089 0.36012414 0.33901777 0.33763657 0.3393858  0.26052576
  1.         0.37025391]
 [0.23233774 0.26481939 0.31712055 0.33032541 0.38634566 0.37109748
  0.27476502 0.32743232 0.33015955 0.37667937 0.30776491 0.23152348
  0.40578996 0.45677333 0.28126764 0.19605875 0.3044663  0.34354309
  0.37025391 1.        ]]
kernel creation done .... 13.427405595779419
ground_kernel:  (34536, 34536)
query_kernel:  (34536, 20)
query_query_kernel:  (20, 20)

creating FL1MI object


FL1MI object created


generating greedyList...


.... greedyList generated ... 

*******all_indices ******
[14323, 17837, 11732, 13542, 18194, 15261, 16681, 16749, 15306, 19804, 20675, 13664, 15498, 17654, 9811, 7326, 16273, 17140, 460, 7669, 18500, 18217, 21423, 15822, 3276, 15663, 21285, 2910, 15180, 8536, 17918, 20328, 17401, 18132, 17151, 19453, 13928, 12681, 20173, 26864, 8061, 13503, 9423, 22621, 11484, 1711, 18612, 16852, 13955, 2312, 25938, 17491, 13154, 31057, 22697, 14382, 20395, 17210, 19254, 6386, 1751, 21065, 18582, 13396, 14734, 20928, 21384, 9782, 9619, 16470, 2566, 2005, 2964, 3599, 18072, 17550, 7130, 9381, 7241, 4343, 18277, 16609, 21056, 2082, 17911, 11055, 1079, 15479, 15523, 13033, 16044, 21148, 26735, 16715, 27896, 4063, 16214, 8220, 8981, 14653, 4030, 24865, 19723, 16421, 15978, 3944, 3966, 6816, 4326, 16497, 16561, 59, 19322, 7007, 16344, 20363, 16849, 223, 18575, 6960, 24326, 5055, 19955, 34065, 10257, 6737, 708, 1843, 15875, 16604, 11430, 20001, 20998, 11917, 17041, 1444, 20860, 6002, 14831, 7504, 4853, 18330, 15888, 21358, 3351, 457, 15851, 19796, 10279, 16359, 9352, 638, 180, 9697, 10482, 9248, 12973, 14134, 17293, 1330, 12211, 19724, 4764, 20240, 4802, 19906, 15961, 68, 22829, 17445, 4497, 5529, 23327, 11498, 3756, 13666, 7167, 8617, 1333, 5696, 8787, 14143, 23466, 28613, 5427, 17103, 12315, 1820, 7643, 20321, 8322, 7028, 10320, 3501, 8807, 17177, 16527, 14016, 19103, 9672, 2122, 10217, 11723, 4842, 7203, 20732, 17056, 19268, 1394, 31042, 1409, 1629, 18878, 18729, 1601, 9852, 12442, 15184, 11698, 10821, 10650, 20681, 2059, 24006, 7472, 11296, 20112, 12391, 4295, 4889, 15507, 15097, 15546, 19535, 1270, 14282, 14351, 8610, 16558, 12127, 8704, 16908, 5176, 15026, 20945, 27192, 5371, 5479, 7072, 19858, 9649, 4918, 27397, 14928, 14707, 4837, 6006, 5085, 20432, 11282, 17486, 4453, 14319, 8227, 23138, 13848, 21523, 1092, 11829, 6841, 11764, 13673, 1455, 7300, 16029, 15456, 5588, 6890, 9254, 16160, 5125, 1693, 5066, 9091, 12460, 16091, 1175, 9046, 3468, 11106, 24765, 20346, 8122, 5435, 13498, 20956, 14656, 19350, 4382, 21225, 17147, 7387, 1088, 18306, 20445, 17987, 6670, 7312, 19469, 23508, 17234, 19147, 14292, 20582, 8729, 13905, 20892, 4393, 10559, 4892, 5145, 12472, 15339, 1227, 16299, 634, 6875, 14555, 19556, 4843, 3772, 21366, 16571, 10036, 4685, 13497, 21537, 13830, 21113, 15149, 16171, 16537, 18829, 15304, 16075, 345, 787, 10323, 11579, 17235, 7681, 20097, 15857, 20206, 5883, 19188, 12784, 35, 10926, 1027, 15972, 19102, 14501, 17416, 605, 10165, 5121, 5234, 13674, 15717, 1897, 844, 3690, 14142, 16375, 18884, 11242, 1921, 11171, 3619, 11898, 10441, 16879, 3752, 16498, 1529, 4738, 14742, 10925, 12774, 11570, 7623, 4509, 876, 905, 1484, 1163, 19357, 85, 13529, 398, 17294, 986, 6844, 10840, 7519, 5118, 11199, 12064, 19087, 1360, 5819, 15853, 7644, 11035, 20344, 20415, 8194, 11441, 11072, 19642, 12179, 14080, 1930, 14718, 10102, 3841, 1727, 7455, 8517, 10530, 8141, 17307, 13860, 8868, 20450, 8506, 8973, 12427, 21028, 1167, 11801, 7687, 13892, 1844, 16152, 12811, 7673, 3413, 19549]
******all_gains*********
[15601.237900562584, 501.69481611438096, 281.0923071112484, 223.97675569355488, 165.97742991149426, 131.37819434702396, 78.26663050241768, 70.5683479718864, 62.66426123678684, 53.55563685297966, 48.51149564422667, 45.38641080260277, 39.847124714404345, 38.373213808983564, 34.85178139805794, 32.851648449897766, 31.120113141834736, 28.127534564584494, 26.97004748135805, 25.478671200573444, 24.875211767852306, 24.138630613684654, 22.420671567320824, 21.873426772654057, 20.711797155439854, 19.710338473320007, 19.228430822491646, 18.582026556134224, 17.756240382790565, 17.176280990242958, 16.973388478159904, 16.46356488764286, 16.159662194550037, 15.774631395936012, 15.61456374824047, 14.895777344703674, 14.59798763692379, 14.413213565945625, 14.22139623016119, 14.152193427085876, 14.114987939596176, 13.775995835661888, 13.397105649113655, 12.728378750383854, 12.5830722078681, 12.430013813078403, 12.333576738834381, 12.228305280208588, 12.116963341832161, 11.88998045027256, 11.789345130324364, 11.652508698403835, 11.145243242383003, 10.953571647405624, 10.925292156636715, 10.863986104726791, 10.74341855943203, 10.517819717526436, 10.474002376198769, 10.276045873761177, 10.008951880037785, 9.97057369351387, 9.835638582706451, 9.728468790650368, 9.665604803711176, 9.529206976294518, 9.452088445425034, 9.435179382562637, 9.2579275816679, 9.150812707841396, 9.076161444187164, 9.036341711878777, 8.94137892127037, 8.792113363742828, 8.763788267970085, 8.67061761021614, 8.644896671175957, 8.602899894118309, 8.511643692851067, 8.362000927329063, 8.349415510892868, 8.276984080672264, 8.252814546227455, 8.150953114032745, 8.134135574102402, 7.996098056435585, 7.960891246795654, 7.822366684675217, 7.795916438102722, 7.787478685379028, 7.724665775895119, 7.685869462788105, 7.542420856654644, 7.481748163700104, 7.349433034658432, 7.327655524015427, 7.321297734975815, 7.2678060829639435, 7.257527187466621, 7.235197067260742, 7.15620331466198, 7.087138473987579, 7.060278013348579, 7.046445801854134, 7.024313852190971, 6.934392482042313, 6.892733171582222, 6.876969113945961, 6.836325705051422, 6.8199480175971985, 6.813420444726944, 6.8098516166210175, 6.691034898161888, 6.672606959939003, 6.645136892795563, 6.618637025356293, 6.588748574256897, 6.532868817448616, 6.516538843512535, 6.514075875282288, 6.492490395903587, 6.428408920764923, 6.400701358914375, 6.3802138566970825, 6.334404081106186, 6.3215741366147995, 6.284184813499451, 6.217715710401535, 6.114392802119255, 6.104319199919701, 6.093030601739883, 6.055996149778366, 6.053408190608025, 5.993702560663223, 5.986782371997833, 5.9516410529613495, 5.896251946687698, 5.788490742444992, 5.759340450167656, 5.751653462648392, 5.743184462189674, 5.722396820783615, 5.708241298794746, 5.703768163919449, 5.685586214065552, 5.657011955976486, 5.654456079006195, 5.6501449048519135, 5.616467595100403, 5.603453978896141, 5.600871652364731, 5.59286941587925, 5.578000694513321, 5.518980443477631, 5.4820747673511505, 5.471078112721443, 5.458398014307022, 5.433126121759415, 5.422630652785301, 5.390203453600407, 5.387398332357407, 5.345594450831413, 5.320026636123657, 5.298549637198448, 5.288860499858856, 5.239851504564285, 5.227266013622284, 5.198925226926804, 5.186483055353165, 5.155556336045265, 5.1359467804431915, 5.098435401916504, 5.079293221235275, 5.067201063036919, 5.063113436102867, 5.030537575483322, 5.021061211824417, 5.0062194019556046, 5.002002544701099, 4.998909428715706, 4.979640290141106, 4.972226336598396, 4.969107821583748, 4.964509144425392, 4.952060639858246, 4.949421763420105, 4.942987769842148, 4.9196281135082245, 4.900960668921471, 4.89999121427536, 4.889545798301697, 4.86764469742775, 4.849885493516922, 4.83914977312088, 4.814178675413132, 4.804455012083054, 4.797073215246201, 4.766642481088638, 4.750896692276001, 4.748380973935127, 4.704402804374695, 4.701479524374008, 4.689876303076744, 4.683381587266922, 4.673220485448837, 4.666451543569565, 4.65185821056366, 4.6503549218177795, 4.608775168657303, 4.598700225353241, 4.597779348492622, 4.581528961658478, 4.565107017755508, 4.561061233282089, 4.550466328859329, 4.541842877864838, 4.5408671498298645, 4.520320564508438, 4.484152689576149, 4.470542788505554, 4.46449014544487, 4.462266236543655, 4.43783238530159, 4.432798862457275, 4.405721753835678, 4.399041965603828, 4.389412492513657, 4.384184241294861, 4.378073811531067, 4.373123198747635, 4.3677104115486145, 4.362435936927795, 4.350622698664665, 4.3454621732234955, 4.33144536614418, 4.326325744390488, 4.294005796313286, 4.291043475270271, 4.289786636829376, 4.2870557606220245, 4.266920417547226, 4.262128859758377, 4.257027953863144, 4.256374269723892, 4.255841702222824, 4.244228929281235, 4.239052265882492, 4.236912727355957, 4.23236620426178, 4.231015428900719, 4.230156451463699, 4.192470729351044, 4.187201619148254, 4.174438759684563, 4.1683100163936615, 4.157937794923782, 4.141465097665787, 4.139299750328064, 4.138732388615608, 4.137893587350845, 4.136437654495239, 4.121331423521042, 4.116222649812698, 4.111176073551178, 4.110600411891937, 4.093716323375702, 4.067572191357613, 4.051312178373337, 4.045972853899002, 4.041687160730362, 4.031337544322014, 4.026456445455551, 4.024432078003883, 4.010918200016022, 3.9941946268081665, 3.9816102385520935, 3.981556534767151, 3.979301691055298, 3.974502593278885, 3.964060753583908, 3.9631773829460144, 3.961896598339081, 3.946536108851433, 3.942554399371147, 3.937175154685974, 3.9325587153434753, 3.9183357059955597, 3.9179630279541016, 3.9162977039813995, 3.9143961369991302, 3.9080140590667725, 3.88193342089653, 3.8729928731918335, 3.865063190460205, 3.863958775997162, 3.8638881146907806, 3.862302452325821, 3.8521343171596527, 3.84780091047287, 3.8391143232584, 3.838867574930191, 3.8377195596694946, 3.8376628756523132, 3.8370127975940704, 3.830980733036995, 3.811739504337311, 3.8104153275489807, 3.807872474193573, 3.799458384513855, 3.7959968745708466, 3.7865439355373383, 3.7823483049869537, 3.7719855308532715, 3.7706454396247864, 3.7646447718143463, 3.739427998661995, 3.7327588498592377, 3.7311441600322723, 3.724526524543762, 3.7209692895412445, 3.720472812652588, 3.7123065292835236, 3.710751473903656, 3.7089676409959793, 3.7060224264860153, 3.701683461666107, 3.7014622688293457, 3.698139116168022, 3.6964967995882034, 3.693448930978775, 3.682940512895584, 3.678800046443939, 3.674764484167099, 3.6737325340509415, 3.673519864678383, 3.6702996492385864, 3.6694101989269257, 3.659865230321884, 3.657040923833847, 3.6525252759456635, 3.6500854790210724, 3.6500828862190247, 3.64739528298378, 3.6435874104499817, 3.639341801404953, 3.6292680501937866, 3.6248474717140198, 3.6237228512763977, 3.6231712996959686, 3.621732860803604, 3.612485110759735, 3.608624577522278, 3.6067714989185333, 3.604238986968994, 3.5849979519844055, 3.580691337585449, 3.579839289188385, 3.5755574107170105, 3.5751239359378815, 3.568514108657837, 3.5680291056632996, 3.5613842010498047, 3.560933530330658, 3.556478440761566, 3.5560054183006287, 3.54991352558136, 3.5481613725423813, 3.5462736189365387, 3.5430235862731934, 3.536500498652458, 3.5303686261177063, 3.5275584757328033, 3.526501327753067, 3.5183136463165283, 3.5163955986499786, 3.5145676136016846, 3.5116228461265564, 3.5060582160949707, 3.505973160266876, 3.5032762587070465, 3.5028460025787354, 3.4958704113960266, 3.4948384016752243, 3.491036832332611, 3.478752702474594, 3.478031277656555, 3.4737488329410553, 3.4721124470233917, 3.472073584794998, 3.4705036282539368, 3.4698703289031982, 3.468165397644043, 3.4677176475524902, 3.4643544256687164, 3.450727939605713, 3.446800947189331, 3.4385390877723694, 3.437942922115326, 3.43777334690094, 3.4372126162052155, 3.4362028539180756, 3.4331755340099335, 3.4308619797229767, 3.430069148540497, 3.4245077073574066, 3.419628292322159, 3.4184314012527466, 3.4138367772102356, 3.4084091186523438, 3.405490070581436, 3.398607552051544, 3.38930806517601, 3.386737495660782, 3.3823814690113068, 3.3811143934726715, 3.380906879901886, 3.37964403629303, 3.3774219155311584, 3.375010758638382, 3.364097476005554, 3.362245127558708, 3.362155020236969, 3.3613035678863525, 3.3556275367736816, 3.3531370162963867, 3.3358172476291656, 3.33567351102829, 3.3349352180957794, 3.3324430882930756, 3.329153463244438, 3.324666678905487, 3.3243881464004517, 3.323971390724182, 3.322728544473648, 3.3199057281017303, 3.3180960416793823, 3.3179287910461426, 3.3175117671489716, 3.315759629011154, 3.314529463648796, 3.3136894404888153, 3.312462955713272, 3.311931788921356, 3.3075643181800842, 3.305902510881424, 3.303528308868408, 3.3029125034809113, 3.302806928753853, 3.302676260471344, 3.2977542877197266]
*******selected_indices ******
[14323, 17837, 11732, 13542, 18194, 15261, 16681, 16749, 15306, 19804, 20675, 13664, 15498, 17654, 9811, 7326, 16273, 17140, 460, 7669, 18500, 18217, 21423, 15822, 3276, 15663, 21285, 2910, 15180, 8536, 17918, 20328, 17401, 18132, 17151, 19453, 13928, 12681, 20173, 26864, 8061, 13503, 9423, 22621, 11484, 1711, 18612, 16852, 13955, 2312, 25938, 17491, 13154, 31057, 22697, 14382, 20395, 17210, 19254, 6386, 1751, 21065, 18582, 13396, 14734, 20928, 21384, 9782, 9619, 16470, 2566, 2005, 2964, 3599, 18072, 17550]
******selected_gains*********
[15601.237900562584, 501.69481611438096, 281.0923071112484, 223.97675569355488, 165.97742991149426, 131.37819434702396, 78.26663050241768, 70.5683479718864, 62.66426123678684, 53.55563685297966, 48.51149564422667, 45.38641080260277, 39.847124714404345, 38.373213808983564, 34.85178139805794, 32.851648449897766, 31.120113141834736, 28.127534564584494, 26.97004748135805, 25.478671200573444, 24.875211767852306, 24.138630613684654, 22.420671567320824, 21.873426772654057, 20.711797155439854, 19.710338473320007, 19.228430822491646, 18.582026556134224, 17.756240382790565, 17.176280990242958, 16.973388478159904, 16.46356488764286, 16.159662194550037, 15.774631395936012, 15.61456374824047, 14.895777344703674, 14.59798763692379, 14.413213565945625, 14.22139623016119, 14.152193427085876, 14.114987939596176, 13.775995835661888, 13.397105649113655, 12.728378750383854, 12.5830722078681, 12.430013813078403, 12.333576738834381, 12.228305280208588, 12.116963341832161, 11.88998045027256, 11.789345130324364, 11.652508698403835, 11.145243242383003, 10.953571647405624, 10.925292156636715, 10.863986104726791, 10.74341855943203, 10.517819717526436, 10.474002376198769, 10.276045873761177, 10.008951880037785, 9.97057369351387, 9.835638582706451, 9.728468790650368, 9.665604803711176, 9.529206976294518, 9.452088445425034, 9.435179382562637, 9.2579275816679, 9.150812707841396, 9.076161444187164, 9.036341711878777, 8.94137892127037, 8.792113363742828, 8.763788267970085, 8.67061761021614]

 subset computed .... 

