{
 "cells": [
  {
   "cell_type": "code",
   "execution_count": 12,
   "metadata": {},
   "outputs": [],
   "source": [
    "from __future__ import print_function\n",
    "import os, sys\n",
    "from pprint import pprint\n",
    "import json\n",
    "import argparse\n",
    "import numpy as np\n",
    "import pickle\n",
    "from collections import Counter\n",
    "import time\n",
    "import time\n",
    "import numpy as np\n",
    "from submodlib.helper import create_kernel\n",
    "from submodlib.functions.facilityLocationMutualInformation import (\n",
    "    FacilityLocationMutualInformationFunction,\n",
    ")\n",
    "from submodlib.functions.facilityLocationVariantMutualInformation import (\n",
    "    FacilityLocationVariantMutualInformationFunction,\n",
    ")\n",
    "from submodlib.functions.graphCutMutualInformation import (\n",
    "    GraphCutMutualInformationFunction,\n",
    ")\n",
    "from submodlib.functions.logDeterminantMutualInformation import (\n",
    "    LogDeterminantMutualInformationFunction,\n",
    ")\n"
   ]
  },
  {
   "cell_type": "code",
   "execution_count": 13,
   "metadata": {},
   "outputs": [],
   "source": [
    "def budget(budget_size):\n",
    "    return int(4.92 * budget_size)\n"
   ]
  },
  {
   "cell_type": "code",
   "execution_count": 14,
   "metadata": {},
   "outputs": [],
   "source": [
    "def compute_subset(\n",
    "    greedyList,\n",
    "    config_dict,\n",
    "    # dirs,\n",
    "    # base_dir,\n",
    "    # ground_list,\n",
    "    # ground_accent_features,\n",
    "    # ground_content_features,\n",
    "    # ground_features_Y,\n",
    "    # query_list,\n",
    "    # query_accent_features,\n",
    "    # test_accent_features,\n",
    "    # greedyList,\n",
    "    # budget_size,\n",
    "    # target_size,\n",
    "    # accent,\n",
    "    # fxn,\n",
    "    # accent_similarity,\n",
    "    # content_similarity,\n",
    "    # accent_feature_type,\n",
    "    # content_feature_type,\n",
    "    # query_content_features,\n",
    "    # base_eta,\n",
    "    # etaScale,\n",
    "):\n",
    "    query_dir = config_dict[\"query_dir\"]\n",
    "    base_dir = config_dict[\"base_dir\"]\n",
    "    budget_size = config_dict[\"budget_size\"]\n",
    "    target_size = config_dict[\"target_size\"]\n",
    "    fxn = config_dict[\"fxn\"]\n",
    "    accent_feature_type = config_dict[\"accent_feature_type\"]\n",
    "    content_feature_type = config_dict[\"content_feature_type\"]\n",
    "    etaScale = config_dict[\"etaScale\"]\n",
    "    accent_similarity = config_dict[\"accent_similarity\"]\n",
    "    content_similarity = config_dict[\"content_similarity\"]\n",
    "    accent = config_dict[\"accent\"]\n",
    "    ground_list = config_dict[\"ground_list\"]\n",
    "    data_kernel_type=config_dict[\"data_kernel_type\"]\n",
    "    query_data_kernel_type=config_dict[\"query_data_kernel_type\"]\n",
    "    query_query_kernel_type=config_dict[\"query_query_kernel_type\"]\n",
    "\n",
    "    output_dir = os.path.join(\n",
    "        base_dir,\n",
    "        query_dir,\n",
    "        \"all\",\n",
    "        f\"budget_{budget_size}\",\n",
    "        f\"target_{target_size}\",\n",
    "        f\"{fxn}_etaScale_{round(etaScale, 5)}\",\n",
    "        f\"accent_{accent_feature_type}\",\n",
    "        f\"content_{content_feature_type}\",\n",
    "        f\"kernel_g={data_kernel_type}_gq={query_data_kernel_type}_qq={query_query_kernel_type}\"\n",
    "        f\"accent_{accent_similarity}\",\n",
    "        f\"content_{content_similarity}\",\n",
    "    )\n",
    "    # os.makedirs(output_dir, exist_ok=True)\n",
    "\n",
    "    all_indices = [j[0] for j in greedyList]\n",
    "    all_gains = [j[1] for j in greedyList]\n",
    "\n",
    "    print(\"*******all_indices ******\")\n",
    "    print(all_indices)\n",
    "\n",
    "    print(\"******all_gains*********\")\n",
    "    print(all_gains)\n",
    "\n",
    "    total_duration, index = 0, 0\n",
    "    while total_duration + ground_list[all_indices[index]][\"duration\"] <= budget(\n",
    "        budget_size\n",
    "    ):\n",
    "        total_duration += ground_list[all_indices[index]][\"duration\"]\n",
    "        index += 1\n",
    "    #         print(index, all_indices[index], len(ground_list))\n",
    "    total_count = index\n",
    "    selected_indices = all_indices[:index]\n",
    "    selected_gains = all_gains[:index]\n",
    "    print(\"*******selected_indices ******\")\n",
    "    print(selected_indices)\n",
    "\n",
    "    print(\"******selected_gains*********\")\n",
    "    print(selected_gains)\n",
    "    selected_list = [ground_list[j] for j in selected_indices]\n",
    "\n",
    "    train_list = selected_list\n",
    "\n",
    "    accent_sample_count, accent_sample_duration = 0, 0\n",
    "    for item in selected_list:\n",
    "        if item[\"audio_filepath\"].split(\"/\")[-4] == accent:\n",
    "            accent_sample_count += 1\n",
    "            accent_sample_duration += item[\"duration\"]\n",
    "    total_selections = Counter(\n",
    "        [item[\"audio_filepath\"].split(\"/\")[-4] for item in selected_list]\n",
    "    )\n",
    "\n",
    "    # with open(f\"{output_dir}/train.json\", \"w\") as f:\n",
    "    #     for line in train_list:\n",
    "    #         f.write(\"{}\\n\".format(json.dumps(line)))\n",
    "\n",
    "    # plots(dirs, run_dir, ground_features, ground_features_Y, query_features, test_features, selected_indices, selected_gains, fxn)\n",
    "\n",
    "    print(\"\\n subset computed .... \\n\")\n",
    "    stats = \"total selections: \" + str(total_count)\n",
    "    stats += \"\\ntotal duration: \" + str(total_duration)\n",
    "    stats += \"\\naccented selections: \" + str(accent_sample_count)\n",
    "    stats += \"\\naccented duration: \" + str(accent_sample_duration)\n",
    "    stats += \"\\nall selections: \" + str(total_selections)\n",
    "    print(stats)\n",
    "    # with open(output_dir + \"/stats.txt\", \"w\") as f:\n",
    "    #     f.write(stats)\n"
   ]
  },
  {
   "cell_type": "code",
   "execution_count": 15,
   "metadata": {},
   "outputs": [],
   "source": [
    "def generate_greedyList(\n",
    "    config_dict,\n",
    "):\n",
    "    fxn = config_dict[\"fxn\"]\n",
    "    ground_kernel = config_dict[\"ground_kernel\"]\n",
    "    query_kernel = config_dict[\"query_kernel\"]\n",
    "    query_query_kernel = config_dict[\"query_query_kernel\"]\n",
    "    etaScale = config_dict[\"etaScale\"]\n",
    "    budget_size = config_dict[\"budget_size\"]\n",
    "    print(f\"\\ncreating {fxn} object\\n\")\n",
    "    if fxn == \"FL1MI\":\n",
    "        obj1 = FacilityLocationMutualInformationFunction(\n",
    "            n=len(ground_kernel),\n",
    "            num_queries=query_kernel.shape[1],\n",
    "            query_sijs=query_kernel,\n",
    "            data_sijs=ground_kernel,\n",
    "            magnificationEta=etaScale,\n",
    "        )\n",
    "    elif fxn == \"LogDMI\":\n",
    "        obj1 = LogDeterminantMutualInformationFunction(\n",
    "            n=len(ground_kernel),\n",
    "            num_queries=query_kernel.shape[1],\n",
    "            lambdaVal=1,  # should this also be tuned?\n",
    "            query_sijs=query_kernel,\n",
    "            data_sijs=ground_kernel,\n",
    "            query_query_sijs=query_query_kernel,\n",
    "            magnificationEta=etaScale,\n",
    "        )\n",
    "    else:\n",
    "        print(\"\\n\\n\\n............... ERROR not a valid FUNCTION ............\\n\\n\\n\")\n",
    "        exit()\n",
    "    print(f\"\\n{fxn} object created\\n\")\n",
    "    print(\"\\ngenerating greedyList...\\n\")\n",
    "    greedyList = obj1.maximize(\n",
    "        budget=3 * budget_size,\n",
    "        optimizer=\"LazyGreedy\",\n",
    "        stopIfZeroGain=False,\n",
    "        stopIfNegativeGain=False,\n",
    "        epsilon=0.1,\n",
    "        verbose=False,\n",
    "        show_progress=True,\n",
    "    )\n",
    "    print(\"\\n.... greedyList generated ... \\n\")\n",
    "    return greedyList\n"
   ]
  },
  {
   "cell_type": "code",
   "execution_count": 16,
   "metadata": {},
   "outputs": [],
   "source": [
    "def load_features(file_dir, feature_type):\n",
    "    features = []\n",
    "    file_name = file_dir.split(\"/\")[-1]\n",
    "    par_dir = \"/\".join(file_dir.split(\"/\")[:-1]) + f\"/{feature_type}/\"\n",
    "    with open(par_dir + file_name.replace(\".json\", f\"_{feature_type}.file\"), \"rb\") as f:\n",
    "        while True:\n",
    "            try:\n",
    "                features.append(pickle.load(f))\n",
    "            except EOFError:\n",
    "                break\n",
    "    #             if features[-1].shape[1]<39:\n",
    "    #                 print(features[-1].shape)\n",
    "    #                 print(file_dir, \"bad feature file\")\n",
    "    #                 return np.array([[]])\n",
    "    #                 sys.exit()\n",
    "    features = np.concatenate(features, axis=0)\n",
    "    print(features.shape)\n",
    "    return features\n"
   ]
  },
  {
   "cell_type": "code",
   "execution_count": 17,
   "metadata": {},
   "outputs": [],
   "source": [
    "def select_features(accent_features, content_features, reqd_type):\n",
    "    if(reqd_type == \"accent\"):\n",
    "        return accent_features\n",
    "    elif(reqd_type == \"content\"):\n",
    "        return content_features\n",
    "    else:\n",
    "        return ValueError(\n",
    "            f\"\"\"\n",
    "            Reqd_type should be either `accent` or `content`. \n",
    "            But `{reqd_type}` is given.\n",
    "            \"\"\"\n",
    "        )\n",
    "\n",
    "def select_metric(accent_sim, content_sim, reqd_type):\n",
    "    if(reqd_type == \"accent\"):\n",
    "        return accent_sim\n",
    "    elif(reqd_type == \"content\"):\n",
    "        return content_sim\n",
    "    else:\n",
    "        return ValueError(\n",
    "            f\"\"\"\n",
    "            Reqd_type should be either `accent` or `content`. \n",
    "            But `{reqd_type}` is given.\n",
    "            \"\"\"\n",
    "        )"
   ]
  },
  {
   "cell_type": "code",
   "execution_count": 18,
   "metadata": {},
   "outputs": [],
   "source": [
    "def preprocess(config_dict):\n",
    "    dirs = [\n",
    "        \"kannada_male_english\",\n",
    "        \"malayalam_male_english\",\n",
    "        \"rajasthani_male_english\",\n",
    "        \"hindi_male_english\",\n",
    "        \"tamil_male_english\",\n",
    "        \"gujarati_female_english\",\n",
    "        \"manipuri_female_english\",\n",
    "        \"assamese_female_english\",\n",
    "    ]\n",
    "\n",
    "    target_size = config_dict[\"target_size\"]\n",
    "\n",
    "    query_dir = f\"{config_dict['accent']}/\"\n",
    "\n",
    "    # Query List and # Query Features\n",
    "    query_file_path = os.path.join(config_dict[\"base_dir\"], query_dir, \"seed.json\")\n",
    "    query_list = [json.loads(line.strip()) for line in open(query_file_path)][\n",
    "        :target_size\n",
    "    ]\n",
    "\n",
    "    query_accent_features = load_features(\n",
    "        query_file_path, config_dict[\"accent_feature_type\"]\n",
    "    )[:target_size]\n",
    "    query_content_features = load_features(\n",
    "        query_file_path, config_dict[\"content_feature_type\"]\n",
    "    )[:target_size]\n",
    "\n",
    "    # Ground List and Ground Accent Features, Ground Content Features\n",
    "    ground_list, ground_list_Y, ground_accent_features, ground_content_features = (\n",
    "        [],\n",
    "        [],\n",
    "        [],\n",
    "        [],\n",
    "    )\n",
    "    for i, _dir in enumerate(dirs):\n",
    "        selection_file_path = os.path.join(\n",
    "            config_dict[\"base_dir\"], _dir, \"selection.json\"\n",
    "        )\n",
    "        selection_file_list = [\n",
    "            json.loads(line.strip()) for line in open(selection_file_path)\n",
    "        ]\n",
    "        ground_list.extend(selection_file_list)\n",
    "\n",
    "        ground_accent_features.append(\n",
    "            load_features(selection_file_path, config_dict[\"accent_feature_type\"])\n",
    "        )\n",
    "        ground_content_features.append(\n",
    "            load_features(selection_file_path, config_dict[\"content_feature_type\"])\n",
    "        )\n",
    "\n",
    "        ground_list_Y.extend([i] * len(selection_file_list))\n",
    "\n",
    "    ground_accent_features = np.concatenate(ground_accent_features, axis=0)\n",
    "    ground_content_features = np.concatenate(ground_content_features, axis=0)\n",
    "    ground_features_Y = np.asarray(ground_list_Y).reshape(-1, 1)\n",
    "\n",
    "    ### test file\n",
    "    ## We only need test_accent_features\n",
    "    ## But for now we are loading both\n",
    "    # test_file_path = os.path.join(config_dict['base_dir'], query_dir, \"test.json\")\n",
    "    # test_list = [json.loads(line.strip()) for line in open(test_file_path)]\n",
    "    # test_accent_features = load_features(test_file_path, config_dict['accent_feature_type'])\n",
    "    # test_content_features = load_features(test_file_path, config_dict['content_feature_type'])\n",
    "\n",
    "    print(\n",
    "        f\"Ground stats\",\n",
    "        f\"Length = {len(ground_list)}\",\n",
    "        f\"Accent features shape = {ground_accent_features.shape}\",\n",
    "        f\"Content features shape = {ground_content_features.shape}\",\n",
    "        sep=\"\\n\"\n",
    "    )\n",
    "    print(\"\\n\\n\")\n",
    "    print(\n",
    "        f\"Query stats\",\n",
    "        f\"Length = {len(query_list)}\",\n",
    "        f\"Accent features shape = {query_accent_features.shape}\",\n",
    "        f\"Content features shape = {query_content_features.shape}\",\n",
    "        sep = \"\\n\"\n",
    "    )\n",
    "    # print(\n",
    "    #     f\"Test stats\",\n",
    "    #     f\"Length = {len(test_list)}\",\n",
    "    #     f\"Accent features shape = {test_accent_features.shape}\",\n",
    "    # )\n",
    "    # print(len(query_list), query_features.shape)\n",
    "    # print(len(test_list), test_features.shape)\n",
    "\n",
    "    print(\"creating kernels ....\")\n",
    "    t1 = time.time()\n",
    "    print(f\"content_similarity is {config_dict['content_similarity']}\")\n",
    "    ground_kernel = config_dict[\"ground_ground_wt\"] * create_kernel(\n",
    "        select_features(\n",
    "            accent_features=ground_accent_features, \n",
    "            content_features = ground_content_features, \n",
    "            reqd_type = config_dict[\"data_kernel_type\"]\n",
    "        ), \n",
    "        metric=select_metric(\n",
    "            accent_sim=config_dict[\"accent_similarity\"],\n",
    "            content_sim=config_dict[\"content_similarity\"],\n",
    "            reqd_type=config_dict[\"data_kernel_type\"]\n",
    "        ), \n",
    "        mode=\"dense\"\n",
    "    )\n",
    "    query_kernel = create_kernel(\n",
    "        select_features(\n",
    "            accent_features = query_accent_features,\n",
    "            content_features = query_content_features,\n",
    "            reqd_type = config_dict[\"query_data_kernel_type\"]\n",
    "        ),\n",
    "        # query_accent_features,\n",
    "        metric=select_metric(\n",
    "            accent_sim=config_dict[\"accent_similarity\"],\n",
    "            content_sim=config_dict[\"content_similarity\"],\n",
    "            reqd_type=config_dict[\"query_data_kernel_type\"]\n",
    "        ),\n",
    "        mode=\"dense\",\n",
    "        X_rep=select_features(\n",
    "            accent_features=ground_accent_features, \n",
    "            content_features = ground_content_features, \n",
    "            reqd_type = config_dict[\"query_data_kernel_type\"]\n",
    "        ),\n",
    "    )\n",
    "    query_query_kernel = create_kernel(\n",
    "        select_features(\n",
    "            accent_features = query_accent_features,\n",
    "            content_features = query_content_features,\n",
    "            reqd_type = config_dict[\"query_query_kernel_type\"]\n",
    "        ),\n",
    "        metric=select_metric(\n",
    "            accent_sim=config_dict[\"accent_similarity\"],\n",
    "            content_sim=config_dict[\"content_similarity\"],\n",
    "            reqd_type=config_dict[\"query_query_kernel_type\"]\n",
    "        ),\n",
    "        mode=\"dense\",\n",
    "    )\n",
    "\n",
    "    print(\"************ ground kernel*************\")\n",
    "    print(ground_kernel)\n",
    "    print(\"************ query kernel*************\")\n",
    "    print(query_kernel)\n",
    "    print(\"************ query query kernel*************\")\n",
    "    print(query_query_kernel)\n",
    "    t2 = time.time()\n",
    "    print(\"kernel creation done ....\", t2 - t1)\n",
    "\n",
    "    print(\"ground_kernel: \", ground_kernel.shape)\n",
    "    print(\"query_kernel: \", query_kernel.shape)\n",
    "    print(\"query_query_kernel: \", query_query_kernel.shape)\n",
    "\n",
    "    return {\n",
    "            \"ground_kernel\": ground_kernel,\n",
    "            \"query_kernel\": query_kernel,\n",
    "            \"query_query_kernel\": query_query_kernel,\n",
    "            \"query_dir\": query_dir,\n",
    "            \"ground_list\": ground_list,\n",
    "        }\n",
    "        # dirs,\n",
    "        # query_dir,\n",
    "        # ground_list,\n",
    "        # ground_accent_features,\n",
    "        # ground_content_features,\n",
    "        # ground_features_Y,\n",
    "        # query_list,\n",
    "        # query_accent_features,\n",
    "        # test_accent_features,\n",
    "        # query_content_features,\n"
   ]
  },
  {
   "cell_type": "code",
   "execution_count": 19,
   "metadata": {},
   "outputs": [],
   "source": [
    "def do_expt(**kwargs):\n",
    "    # parser = argparse.ArgumentParser(description=\"TSS input\")\n",
    "    # parser.add_argument(\"--budget\", type=int, help=\"budget\")\n",
    "    # parser.add_argument(\"--target\", type=int, help=\"target\")\n",
    "    # parser.add_argument(\"--eta_scale\", type=float, help=\"scale on value\")\n",
    "    # parser.add_argument(\n",
    "    #     \"--accent_similarity\", type=str, help=\"accent_similarity metric\"\n",
    "    # )\n",
    "    # parser.add_argument(\n",
    "    #     \"--content_similarity\", type=str, help=\"content_similarity_metric\"\n",
    "    # )\n",
    "    # parser.add_argument(\"--fxn\", type=str, help=\"function\")\n",
    "    # parser.add_argument(\"--accent\", type=str, help=\"query set\")\n",
    "    # parser.add_argument(\n",
    "    #     \"--accent_feature_type\", type=str, help=\"which accent feature space\"\n",
    "    # )\n",
    "    # parser.add_argument(\n",
    "    #     \"--content_feature_type\", type=str, help=\"which content diversity feature space\"\n",
    "    # )\n",
    "\n",
    "    # args = parser.parse_args()\n",
    "\n",
    "    # pprint(vars(args))\n",
    "    args = kwargs\n",
    "    # pprint(args)\n",
    "\n",
    "    config_dict = {}\n",
    "    config_dict[\"budget_size\"] = args[\"budget\"]\n",
    "    config_dict[\"target_size\"] = args[\"target\"]\n",
    "    config_dict[\"etaScale\"] = args[\"eta_scale\"]\n",
    "    config_dict[\"accent_similarity\"] = args[\"accent_similarity\"]\n",
    "    config_dict[\"content_similarity\"] = args[\"content_similarity\"]\n",
    "    config_dict[\"fxn\"] = args[\"fxn\"]\n",
    "    config_dict[\"accent\"] = args[\"accent\"]\n",
    "    config_dict[\"accent_feature_type\"] = args[\"accent_feature_type\"]\n",
    "    config_dict[\"content_feature_type\"] = args[\"content_feature_type\"]\n",
    "    config_dict[\"base_dir\"] = \"\"\n",
    "    config_dict[\"data_kernel_type\"] = kwargs[\"data_kernel_type\"]\n",
    "    config_dict[\"query_data_kernel_type\"] = kwargs[\"query_data_kernel_type\"]\n",
    "    config_dict[\"query_query_kernel_type\"] = kwargs[\"query_query_kernel_type\"]\n",
    "    config_dict[\"ground_ground_wt\"] = kwargs[\"ground_ground_wt\"]\n",
    "\n",
    "    print(\"***** Printing Experiment configuration settings ******\")\n",
    "    pprint(config_dict)\n",
    "    print(\"***** End of Experiment configuration settings ******\")\n",
    "\n",
    "    config_dict.update(preprocess(config_dict))\n",
    "\n",
    "    greedyList = generate_greedyList(\n",
    "        config_dict,\n",
    "        # ground_kernel,\n",
    "        # query_kernel,\n",
    "        # query_query_kernel,\n",
    "        # fxn,\n",
    "        # budget_size,\n",
    "        # etaScale,\n",
    "        # base_eta,\n",
    "    )\n",
    "    compute_subset(\n",
    "        greedyList,\n",
    "        config_dict,\n",
    "        # dirs,\n",
    "        # base_dir,\n",
    "        # query_dir,\n",
    "        # ground_list,\n",
    "        # ground_accent_features,\n",
    "        # ground_content_features,\n",
    "        # ground_features_Y,\n",
    "        # query_list,\n",
    "        # query_accent_features,\n",
    "        # test_accent_features,\n",
    "        # greedyList,\n",
    "        # budget_size,\n",
    "        # target_size,\n",
    "        # accent,\n",
    "        # fxn,\n",
    "        # accent_similarity,\n",
    "        # content_similarity,\n",
    "        # accent_feature_type,\n",
    "        # content_feature_type,\n",
    "        # query_content_features,\n",
    "        # base_eta,\n",
    "        # etaScale,\n",
    "    )\n"
   ]
  },
  {
   "cell_type": "code",
   "execution_count": 20,
   "metadata": {
    "scrolled": true
   },
   "outputs": [
    {
     "name": "stdout",
     "output_type": "stream",
     "text": [
      "***** Printing Experiment configuration settings ******\n",
      "{'accent': 'kannada_male_english',\n",
      " 'accent_feature_type': '39_norm',\n",
      " 'accent_similarity': 'cosine',\n",
      " 'base_dir': '',\n",
      " 'budget_size': 150,\n",
      " 'content_feature_type': 'tf_idf_2gram',\n",
      " 'content_similarity': 'cosine',\n",
      " 'data_kernel_type': 'accent',\n",
      " 'etaScale': 0.2,\n",
      " 'fxn': 'FL1MI',\n",
      " 'ground_ground_wt': 1,\n",
      " 'query_data_kernel_type': 'accent',\n",
      " 'query_query_kernel_type': 'accent',\n",
      " 'target_size': 20}\n",
      "***** End of Experiment configuration settings ******\n",
      "(50, 39)\n",
      "(50, 2070)\n",
      "(3244, 39)\n",
      "(3244, 2070)\n",
      "(3491, 39)\n",
      "(3491, 2070)\n",
      "(3267, 39)\n",
      "(3267, 2070)\n",
      "(3492, 39)\n",
      "(3492, 2070)\n",
      "(5183, 39)\n",
      "(5183, 2070)\n",
      "(3169, 39)\n",
      "(3169, 2070)\n",
      "(6925, 39)\n",
      "(6925, 2070)\n",
      "(5765, 39)\n",
      "(5765, 2070)\n",
      "Ground stats\n",
      "Length = 34536\n",
      "Accent features shape = (34536, 39)\n",
      "Content features shape = (34536, 2070)\n",
      "\n",
      "\n",
      "\n",
      "Query stats\n",
      "Length = 20\n",
      "Accent features shape = (20, 39)\n",
      "Content features shape = (20, 2070)\n",
      "creating kernels ....\n",
      "content_similarity is cosine\n",
      "************ ground kernel*************\n",
      "[[1.0000001  0.99806374 0.9969048  ... 0.96295977 0.96142834 0.96202224]\n",
      " [0.99806374 1.0000002  0.99877346 ... 0.97030586 0.97151756 0.9695735 ]\n",
      " [0.9969048  0.99877346 1.         ... 0.9759629  0.9757933  0.9749282 ]\n",
      " ...\n",
      " [0.96295977 0.97030586 0.9759629  ... 1.         0.9936852  0.99715984]\n",
      " [0.96142834 0.97151756 0.9757933  ... 0.9936852  1.         0.9949801 ]\n",
      " [0.96202224 0.9695735  0.9749282  ... 0.99715984 0.9949801  1.        ]]\n",
      "************ query kernel*************\n",
      "[[0.99674237 0.9965173  0.9964074  ... 0.9969231  0.99063325 0.9985621 ]\n",
      " [0.99809587 0.99864465 0.9982565  ... 0.9961467  0.9890687  0.9984505 ]\n",
      " [0.99824727 0.9987616  0.99797547 ... 0.99367654 0.9906348  0.99711007]\n",
      " ...\n",
      " [0.9765841  0.97477716 0.9769544  ... 0.9530216  0.9712974  0.9645582 ]\n",
      " [0.9760991  0.97447115 0.9776472  ... 0.95282847 0.96570307 0.96425235]\n",
      " [0.97548187 0.9731991  0.97696763 ... 0.94981974 0.96819323 0.96259075]]\n",
      "************ query query kernel*************\n",
      "[[0.99999994 0.99833053 0.99822813 0.9971355  0.9972144  0.99543536\n",
      "  0.9979236  0.99887294 0.99450403 0.99774563 0.9980148  0.99719924\n",
      "  0.9957882  0.9974838  0.99795616 0.9943808  0.99707335 0.9926114\n",
      "  0.99288094 0.9976341 ]\n",
      " [0.99833053 1.0000002  0.9979501  0.996709   0.9950131  0.9940322\n",
      "  0.9963548  0.99643797 0.9939978  0.9966792  0.99742115 0.9974198\n",
      "  0.9958613  0.9981775  0.9980367  0.99505526 0.9964312  0.99385154\n",
      "  0.9903776  0.99803233]\n",
      " [0.99822813 0.9979501  0.99999994 0.99803835 0.99675584 0.9965009\n",
      "  0.9962943  0.99737173 0.9942507  0.9976787  0.9989459  0.9966221\n",
      "  0.9971734  0.9987015  0.999072   0.99409294 0.9958147  0.9927313\n",
      "  0.991436   0.9966801 ]\n",
      " [0.9971355  0.996709   0.99803835 1.         0.99804974 0.99696386\n",
      "  0.9963168  0.99684304 0.99166435 0.996524   0.9985648  0.99528813\n",
      "  0.9967237  0.99712306 0.99860007 0.9923681  0.9944892  0.9899313\n",
      "  0.9916856  0.9946155 ]\n",
      " [0.9972144  0.9950131  0.99675584 0.99804974 1.0000001  0.9968633\n",
      "  0.99605227 0.9970363  0.9905409  0.99511534 0.9976759  0.99383974\n",
      "  0.99586797 0.9961735  0.99716777 0.99029386 0.9937093  0.9885057\n",
      "  0.99385154 0.9933222 ]\n",
      " [0.99543536 0.9940322  0.9965009  0.99696386 0.9968633  1.0000001\n",
      "  0.9953638  0.9947876  0.9847858  0.9928746  0.9978261  0.98997384\n",
      "  0.99274176 0.996564   0.995867   0.98545915 0.98889476 0.983339\n",
      "  0.990582   0.98963624]\n",
      " [0.9979236  0.9963548  0.9962943  0.9963168  0.99605227 0.9953638\n",
      "  1.         0.99758506 0.99077904 0.9962508  0.99738955 0.99609995\n",
      "  0.99248177 0.996514   0.99672806 0.99205405 0.9955273  0.99016947\n",
      "  0.9883982  0.9947981 ]\n",
      " [0.99887294 0.99643797 0.99737173 0.99684304 0.9970363  0.9947876\n",
      "  0.99758506 1.0000001  0.99445873 0.99814314 0.9975835  0.996552\n",
      "  0.99521726 0.99652886 0.99725485 0.9942666  0.9962178  0.99130136\n",
      "  0.991537   0.9964276 ]\n",
      " [0.99450403 0.9939978  0.9942507  0.99166435 0.9905409  0.9847858\n",
      "  0.99077904 0.99445873 1.0000001  0.99658525 0.99204665 0.99730337\n",
      "  0.9959592  0.99221826 0.9947887  0.9984397  0.9982826  0.99744004\n",
      "  0.9881301  0.9981941 ]\n",
      " [0.99774563 0.9966792  0.9976787  0.996524   0.99511534 0.9928746\n",
      "  0.9962508  0.99814314 0.99658525 1.         0.99752676 0.99769366\n",
      "  0.995594   0.99639153 0.99806637 0.99590397 0.9975324  0.993706\n",
      "  0.98921597 0.997465  ]\n",
      " [0.9980148  0.99742115 0.9989459  0.9985648  0.9976759  0.9978261\n",
      "  0.99738955 0.9975835  0.99204665 0.99752676 1.0000002  0.99579877\n",
      "  0.9957098  0.9985771  0.9989746  0.99267447 0.99488205 0.9905252\n",
      "  0.99070424 0.9954432 ]\n",
      " [0.99719924 0.9974198  0.9966221  0.99528813 0.99383974 0.98997384\n",
      "  0.99609995 0.996552   0.99730337 0.99769366 0.99579877 0.99999994\n",
      "  0.9956474  0.995789   0.9973293  0.9982876  0.9991908  0.99749374\n",
      "  0.988443   0.9988985 ]\n",
      " [0.9957882  0.9958613  0.9971734  0.9967237  0.99586797 0.99274176\n",
      "  0.99248177 0.99521726 0.9959592  0.995594   0.9957098  0.9956474\n",
      "  0.9999999  0.9959987  0.99754465 0.99560803 0.9958092  0.99462897\n",
      "  0.99363786 0.99630487]\n",
      " [0.9974838  0.9981775  0.9987015  0.99712306 0.9961735  0.996564\n",
      "  0.996514   0.99652886 0.99221826 0.99639153 0.9985771  0.995789\n",
      "  0.9959987  1.0000002  0.99884707 0.99253494 0.9945487  0.99207056\n",
      "  0.98864156 0.9958688 ]\n",
      " [0.99795616 0.9980367  0.999072   0.99860007 0.99716777 0.995867\n",
      "  0.99672806 0.99725485 0.9947887  0.99806637 0.9989746  0.9973293\n",
      "  0.99754465 0.99884707 1.0000002  0.99496776 0.9967926  0.99403715\n",
      "  0.9903778  0.99704486]\n",
      " [0.9943808  0.99505526 0.99409294 0.9923681  0.99029386 0.98545915\n",
      "  0.99205405 0.9942666  0.9984397  0.99590397 0.99267447 0.9982876\n",
      "  0.99560803 0.99253494 0.99496776 1.         0.99836886 0.9982685\n",
      "  0.9880273  0.99848425]\n",
      " [0.99707335 0.9964312  0.9958147  0.9944892  0.9937093  0.98889476\n",
      "  0.9955273  0.9962178  0.9982826  0.9975324  0.99488205 0.9991908\n",
      "  0.9958092  0.9945487  0.9967926  0.99836886 1.0000002  0.99773186\n",
      "  0.99026173 0.99880487]\n",
      " [0.9926114  0.99385154 0.9927313  0.9899313  0.9885057  0.983339\n",
      "  0.99016947 0.99130136 0.99744004 0.993706   0.9905252  0.99749374\n",
      "  0.99462897 0.99207056 0.99403715 0.9982685  0.99773186 1.0000001\n",
      "  0.98625857 0.99731344]\n",
      " [0.99288094 0.9903776  0.991436   0.9916856  0.99385154 0.990582\n",
      "  0.9883982  0.991537   0.9881301  0.98921597 0.99070424 0.988443\n",
      "  0.99363786 0.98864156 0.9903778  0.9880273  0.99026173 0.98625857\n",
      "  1.0000001  0.9896295 ]\n",
      " [0.9976341  0.99803233 0.9966801  0.9946155  0.9933222  0.98963624\n",
      "  0.9947981  0.9964276  0.9981941  0.997465   0.9954432  0.9988985\n",
      "  0.99630487 0.9958688  0.99704486 0.99848425 0.99880487 0.99731344\n",
      "  0.9896295  1.0000001 ]]\n",
      "kernel creation done .... 4.186971664428711\n",
      "ground_kernel:  (34536, 34536)\n",
      "query_kernel:  (34536, 20)\n",
      "query_query_kernel:  (20, 20)\n",
      "\n",
      "creating FL1MI object\n",
      "\n",
      "\n",
      "FL1MI object created\n",
      "\n",
      "\n",
      "generating greedyList...\n",
      "\n",
      "\n",
      ".... greedyList generated ... \n",
      "\n",
      "*******all_indices ******\n",
      "[34535, 0, 34534, 34533, 34532, 34531, 34530, 34529, 34528, 34527, 34526, 34525, 34524, 34523, 34522, 34521, 34520, 34519, 34518, 34517, 34516, 34515, 34514, 34513, 34512, 34511, 34510, 34509, 34508, 34507, 34506, 34505, 34504, 34503, 34502, 34501, 34500, 34499, 34498, 34497, 34496, 34495, 34494, 34493, 34492, 34491, 34490, 34489, 34488, 34487, 34486, 34485, 34484, 34483, 34482, 34481, 34480, 34479, 34478, 34477, 34476, 34475, 34474, 34473, 34472, 34471, 34470, 34469, 34468, 34467, 34466, 34465, 34464, 34463, 34462, 34461, 34460, 34459, 34458, 34457, 34456, 34455, 34454, 34453, 34452, 34451, 34450, 34449, 34448, 34447, 34446, 34445, 34444, 34443, 34442, 34441, 34440, 34439, 34438, 34437, 34436, 34435, 34434, 34433, 34432, 34431, 34430, 34429, 34428, 34427, 34426, 34425, 34424, 34423, 34422, 34421, 34420, 34419, 34418, 34417, 34416, 34415, 34414, 34413, 34412, 34411, 34410, 34409, 34408, 34407, 34406, 34405, 34404, 34403, 34402, 34401, 34400, 34399, 34398, 34397, 34396, 34395, 34394, 34393, 34392, 34391, 34390, 34389, 34388, 34387, 34386, 34385, 34384, 34383, 34382, 34381, 34380, 34379, 34378, 34377, 34376, 34375, 34374, 34373, 34372, 34371, 34370, 34369, 34368, 34367, 34366, 34365, 34364, 34363, 34362, 34361, 34360, 34359, 34358, 34357, 34356, 34355, 34354, 34353, 34352, 34351, 34350, 34349, 34348, 34347, 34346, 34345, 34344, 34343, 34342, 34341, 34340, 34339, 34338, 34337, 34336, 34335, 34334, 34333, 34332, 34331, 34330, 34329, 34328, 34327, 34326, 34325, 34324, 34323, 34322, 34321, 34320, 34319, 34318, 34317, 34316, 34315, 34314, 34313, 34312, 34311, 34310, 34309, 34308, 34307, 34306, 34305, 34304, 34303, 34302, 34301, 34300, 34299, 34298, 34297, 34296, 34295, 34294, 34293, 34292, 34291, 34290, 34289, 34288, 34287, 34286, 34285, 34284, 34283, 34282, 34281, 34280, 34279, 34278, 34277, 34276, 34275, 34274, 34273, 34272, 34271, 34270, 34269, 34268, 34267, 34266, 34265, 34264, 34263, 34262, 34261, 34260, 34259, 34258, 34257, 34256, 34255, 34254, 34253, 34252, 34251, 34250, 34249, 34248, 34247, 34246, 34245, 34244, 34243, 34242, 34241, 34240, 34239, 34238, 34237, 34236, 34235, 34234, 34233, 34232, 34231, 34230, 34229, 34228, 34227, 34226, 34225, 34224, 34223, 34222, 34221, 34220, 34219, 34218, 34217, 34216, 34215, 34214, 34213, 34212, 34211, 34210, 34209, 34208, 34207, 34206, 34205, 34204, 34203, 34202, 34201, 34200, 34199, 34198, 34197, 34196, 34195, 34194, 34193, 34192, 34191, 34190, 34189, 34188, 34187, 34186, 34185, 34184, 34183, 34182, 34181, 34180, 34179, 34178, 34177, 34176, 34175, 34174, 34173, 34172, 34171, 34170, 34169, 34168, 34167, 34166, 34165, 34164, 34163, 34162, 34161, 34160, 34159, 34158, 34157, 34156, 34155, 34154, 34153, 34152, 34151, 34150, 34149, 34148, 34147, 34146, 34145, 34144, 34143, 34142, 34141, 34140, 34139, 34138, 34137, 34136, 34135, 34134, 34133, 34132, 34131, 34130, 34129, 34128, 34127, 34126, 34125, 34124, 34123, 34122, 34121, 34120, 34119, 34118, 34117, 34116, 34115, 34114, 34113, 34112, 34111, 34110, 34109, 34108, 34107, 34106, 34105, 34104, 34103, 34102, 34101, 34100, 34099, 34098, 34097, 34096, 34095, 34094, 34093, 34092, 34091, 34090, 34089, 34088, 34087]\n",
      "******all_gains*********\n",
      "[6833.21314625442, 0.0, 0.0, 0.0, 0.0, 0.0, 0.0, 0.0, 0.0, 0.0, 0.0, 0.0, 0.0, 0.0, 0.0, 0.0, 0.0, 0.0, 0.0, 0.0, 0.0, 0.0, 0.0, 0.0, 0.0, 0.0, 0.0, 0.0, 0.0, 0.0, 0.0, 0.0, 0.0, 0.0, 0.0, 0.0, 0.0, 0.0, 0.0, 0.0, 0.0, 0.0, 0.0, 0.0, 0.0, 0.0, 0.0, 0.0, 0.0, 0.0, 0.0, 0.0, 0.0, 0.0, 0.0, 0.0, 0.0, 0.0, 0.0, 0.0, 0.0, 0.0, 0.0, 0.0, 0.0, 0.0, 0.0, 0.0, 0.0, 0.0, 0.0, 0.0, 0.0, 0.0, 0.0, 0.0, 0.0, 0.0, 0.0, 0.0, 0.0, 0.0, 0.0, 0.0, 0.0, 0.0, 0.0, 0.0, 0.0, 0.0, 0.0, 0.0, 0.0, 0.0, 0.0, 0.0, 0.0, 0.0, 0.0, 0.0, 0.0, 0.0, 0.0, 0.0, 0.0, 0.0, 0.0, 0.0, 0.0, 0.0, 0.0, 0.0, 0.0, 0.0, 0.0, 0.0, 0.0, 0.0, 0.0, 0.0, 0.0, 0.0, 0.0, 0.0, 0.0, 0.0, 0.0, 0.0, 0.0, 0.0, 0.0, 0.0, 0.0, 0.0, 0.0, 0.0, 0.0, 0.0, 0.0, 0.0, 0.0, 0.0, 0.0, 0.0, 0.0, 0.0, 0.0, 0.0, 0.0, 0.0, 0.0, 0.0, 0.0, 0.0, 0.0, 0.0, 0.0, 0.0, 0.0, 0.0, 0.0, 0.0, 0.0, 0.0, 0.0, 0.0, 0.0, 0.0, 0.0, 0.0, 0.0, 0.0, 0.0, 0.0, 0.0, 0.0, 0.0, 0.0, 0.0, 0.0, 0.0, 0.0, 0.0, 0.0, 0.0, 0.0, 0.0, 0.0, 0.0, 0.0, 0.0, 0.0, 0.0, 0.0, 0.0, 0.0, 0.0, 0.0, 0.0, 0.0, 0.0, 0.0, 0.0, 0.0, 0.0, 0.0, 0.0, 0.0, 0.0, 0.0, 0.0, 0.0, 0.0, 0.0, 0.0, 0.0, 0.0, 0.0, 0.0, 0.0, 0.0, 0.0, 0.0, 0.0, 0.0, 0.0, 0.0, 0.0, 0.0, 0.0, 0.0, 0.0, 0.0, 0.0, 0.0, 0.0, 0.0, 0.0, 0.0, 0.0, 0.0, 0.0, 0.0, 0.0, 0.0, 0.0, 0.0, 0.0, 0.0, 0.0, 0.0, 0.0, 0.0, 0.0, 0.0, 0.0, 0.0, 0.0, 0.0, 0.0, 0.0, 0.0, 0.0, 0.0, 0.0, 0.0, 0.0, 0.0, 0.0, 0.0, 0.0, 0.0, 0.0, 0.0, 0.0, 0.0, 0.0, 0.0, 0.0, 0.0, 0.0, 0.0, 0.0, 0.0, 0.0, 0.0, 0.0, 0.0, 0.0, 0.0, 0.0, 0.0, 0.0, 0.0, 0.0, 0.0, 0.0, 0.0, 0.0, 0.0, 0.0, 0.0, 0.0, 0.0, 0.0, 0.0, 0.0, 0.0, 0.0, 0.0, 0.0, 0.0, 0.0, 0.0, 0.0, 0.0, 0.0, 0.0, 0.0, 0.0, 0.0, 0.0, 0.0, 0.0, 0.0, 0.0, 0.0, 0.0, 0.0, 0.0, 0.0, 0.0, 0.0, 0.0, 0.0, 0.0, 0.0, 0.0, 0.0, 0.0, 0.0, 0.0, 0.0, 0.0, 0.0, 0.0, 0.0, 0.0, 0.0, 0.0, 0.0, 0.0, 0.0, 0.0, 0.0, 0.0, 0.0, 0.0, 0.0, 0.0, 0.0, 0.0, 0.0, 0.0, 0.0, 0.0, 0.0, 0.0, 0.0, 0.0, 0.0, 0.0, 0.0, 0.0, 0.0, 0.0, 0.0, 0.0, 0.0, 0.0, 0.0, 0.0, 0.0, 0.0, 0.0, 0.0, 0.0, 0.0, 0.0, 0.0, 0.0, 0.0, 0.0, 0.0, 0.0, 0.0, 0.0, 0.0, 0.0, 0.0, 0.0, 0.0, 0.0, 0.0, 0.0, 0.0, 0.0, 0.0, 0.0, 0.0, 0.0, 0.0, 0.0, 0.0, 0.0, 0.0, 0.0, 0.0, 0.0, 0.0, 0.0, 0.0, 0.0, 0.0, 0.0, 0.0, 0.0, 0.0, 0.0, 0.0, 0.0, 0.0, 0.0, 0.0, 0.0, 0.0, 0.0, 0.0, 0.0, 0.0, 0.0, 0.0, 0.0, 0.0, 0.0, 0.0, 0.0, 0.0, 0.0, 0.0]\n",
      "*******selected_indices ******\n",
      "[34535, 0, 34534, 34533, 34532, 34531, 34530, 34529, 34528, 34527, 34526, 34525, 34524, 34523, 34522, 34521, 34520, 34519, 34518, 34517, 34516, 34515, 34514, 34513, 34512, 34511, 34510, 34509, 34508, 34507, 34506, 34505, 34504, 34503, 34502, 34501, 34500, 34499, 34498, 34497, 34496, 34495, 34494, 34493, 34492, 34491, 34490, 34489, 34488, 34487, 34486, 34485, 34484, 34483, 34482, 34481, 34480, 34479, 34478, 34477, 34476, 34475, 34474, 34473, 34472, 34471, 34470, 34469, 34468, 34467, 34466, 34465, 34464, 34463, 34462, 34461, 34460, 34459, 34458, 34457, 34456, 34455, 34454, 34453, 34452, 34451, 34450, 34449, 34448, 34447, 34446, 34445, 34444, 34443, 34442, 34441, 34440, 34439, 34438, 34437, 34436, 34435, 34434, 34433, 34432, 34431, 34430, 34429, 34428, 34427, 34426, 34425, 34424, 34423, 34422, 34421, 34420, 34419, 34418, 34417, 34416, 34415, 34414, 34413, 34412, 34411, 34410, 34409, 34408, 34407, 34406, 34405, 34404, 34403, 34402, 34401, 34400, 34399, 34398, 34397, 34396, 34395, 34394, 34393]\n",
      "******selected_gains*********\n",
      "[6833.21314625442, 0.0, 0.0, 0.0, 0.0, 0.0, 0.0, 0.0, 0.0, 0.0, 0.0, 0.0, 0.0, 0.0, 0.0, 0.0, 0.0, 0.0, 0.0, 0.0, 0.0, 0.0, 0.0, 0.0, 0.0, 0.0, 0.0, 0.0, 0.0, 0.0, 0.0, 0.0, 0.0, 0.0, 0.0, 0.0, 0.0, 0.0, 0.0, 0.0, 0.0, 0.0, 0.0, 0.0, 0.0, 0.0, 0.0, 0.0, 0.0, 0.0, 0.0, 0.0, 0.0, 0.0, 0.0, 0.0, 0.0, 0.0, 0.0, 0.0, 0.0, 0.0, 0.0, 0.0, 0.0, 0.0, 0.0, 0.0, 0.0, 0.0, 0.0, 0.0, 0.0, 0.0, 0.0, 0.0, 0.0, 0.0, 0.0, 0.0, 0.0, 0.0, 0.0, 0.0, 0.0, 0.0, 0.0, 0.0, 0.0, 0.0, 0.0, 0.0, 0.0, 0.0, 0.0, 0.0, 0.0, 0.0, 0.0, 0.0, 0.0, 0.0, 0.0, 0.0, 0.0, 0.0, 0.0, 0.0, 0.0, 0.0, 0.0, 0.0, 0.0, 0.0, 0.0, 0.0, 0.0, 0.0, 0.0, 0.0, 0.0, 0.0, 0.0, 0.0, 0.0, 0.0, 0.0, 0.0, 0.0, 0.0, 0.0, 0.0, 0.0, 0.0, 0.0, 0.0, 0.0, 0.0, 0.0, 0.0, 0.0, 0.0, 0.0, 0.0]\n",
      "\n",
      " subset computed .... \n",
      "\n",
      "total selections: 144\n",
      "total duration: 735.4299390000002\n",
      "accented selections: 1\n",
      "accented duration: 7.668854\n",
      "all selections: Counter({'assamese_female_english': 143, 'kannada_male_english': 1})\n"
     ]
    }
   ],
   "source": [
    "base_args_dict = {\n",
    "    \"budget\": 150,\n",
    "    \"target\": 20,\n",
    "    \"eta_scale\": 0.2,\n",
    "    \"accent_similarity\": \"cosine\",\n",
    "    \"content_similarity\": \"cosine\",\n",
    "    \"fxn\": \"FL1MI\",\n",
    "    \"accent\": \"kannada_male_english\",\n",
    "    \"accent_feature_type\": \"39_norm\",\n",
    "    \"content_feature_type\": \"tf_idf_2gram\",\n",
    "    \"data_kernel_type\": \"accent\",\n",
    "    \"query_data_kernel_type\": \"accent\",\n",
    "    \"query_query_kernel_type\": \"accent\", \n",
    "    \"ground_ground_wt\": 1,\n",
    "}\n",
    "\n",
    "do_expt(**base_args_dict)"
   ]
  },
  {
   "cell_type": "code",
   "execution_count": 21,
   "metadata": {},
   "outputs": [
    {
     "name": "stdout",
     "output_type": "stream",
     "text": [
      "***** Printing Experiment configuration settings ******\n",
      "{'accent': 'kannada_male_english',\n",
      " 'accent_feature_type': '39',\n",
      " 'accent_similarity': 'cosine',\n",
      " 'base_dir': '',\n",
      " 'budget_size': 150,\n",
      " 'content_feature_type': 'tf_idf_2gram',\n",
      " 'content_similarity': 'cosine',\n",
      " 'data_kernel_type': 'accent',\n",
      " 'etaScale': 0.2,\n",
      " 'fxn': 'FL1MI',\n",
      " 'ground_ground_wt': 1,\n",
      " 'query_data_kernel_type': 'accent',\n",
      " 'query_query_kernel_type': 'accent',\n",
      " 'target_size': 20}\n",
      "***** End of Experiment configuration settings ******\n",
      "(50, 39)\n",
      "(50, 2070)\n",
      "(3244, 39)\n",
      "(3244, 2070)\n",
      "(3491, 39)\n",
      "(3491, 2070)\n",
      "(3267, 39)\n",
